id,Status_C,Status_CL,Status_D
15000,0.9081505350228082,0.0007073412698412698,0.09114212370735057
15001,0.9222920208340852,0.001438946007629562,0.07626903315828527
15002,0.8372140394760911,0.05067030514312568,0.11211565538078337
15003,0.30645039682539676,0.06606448412698414,0.627485119047619
15004,0.928375310481868,0.008966436910084452,0.06265825260804768
15005,0.19346078431372551,0.05261363636363637,0.7539255793226382
15006,0.8793115107279076,0.009580617418075072,0.11110787185401691
15007,0.9148922468761116,0.017281502742177914,0.06782625038171056
15008,0.5203092924587487,0.025858695652173917,0.4538320118890773
15009,0.9434226861320607,0.0025884955752212392,0.05398881829271817
15010,0.5089624948633835,0.05672858988556663,0.4343089152510498
15011,0.882892157299723,0.017287053336804924,0.09982078936347229
15012,0.8811284370282929,0.009540534409568271,0.1093310285621387
15013,0.25485220806597886,0.03713888888888889,0.7080089030451322
15014,0.10938977421769325,0.0095,0.8811102257823067
15015,0.9444777196507798,0.013849663573261449,0.04167261677595903
15016,0.9455337700617545,0.0003793717014645612,0.054086858236780985
15017,0.9066365133794487,0.033334556280883686,0.06002893033966788
15018,0.8975357156760593,0.01620787903173758,0.08625640529220306
15019,0.09711647661025376,0.02708333333333333,0.8758001900564131
15020,0.7502169754824163,0.002975551090001218,0.24680747342758294
15021,0.006750000000000001,0.003,0.9902500000000001
15022,0.7939835532996021,0.011976190476190475,0.1940402562242075
15023,0.6225458260438621,0.08749184674533834,0.2899623272107994
15024,0.8347972097243516,0.019597935727655714,0.14560485454799266
15025,0.7994464285714287,0.009267857142857144,0.1912857142857143
15026,0.08002386620267223,0.014499999999999999,0.9054761337973275
15027,0.9233522150525986,0.004414509078061917,0.07223327586933938
15028,0.3913856976356977,0.017333333333333333,0.5912809690309693
15029,0.8290209805006973,0.027833635714733497,0.14314538378456926
15030,0.732347840441342,0.1248209795514762,0.14283118000718176
15031,0.8130080390920557,0.02036612021857924,0.1666258406893653
15032,0.8005460230006716,0.02597141682064248,0.1734825601786861
15033,0.19729563492063487,0.04919642857142858,0.7535079365079365
15034,0.2578602322000346,0.04511507936507937,0.6970246884348861
15035,0.10166391941391939,0.048416666666666656,0.8499194139194137
15036,0.5921279950702312,0.09249890354297956,0.3153731013867892
15037,0.8523910209777138,0.04161928237867363,0.10598969664361282
15038,0.7402072355430416,0.006933223736896267,0.2528595407200618
15039,0.6893154185994286,0.02095152735642552,0.289733054044146
15040,0.833481199650262,0.053334846122367684,0.11318395422737033
15041,0.3263727106227106,0.015069444444444444,0.6585578449328451
15042,0.8726600041330443,0.007106625258799171,0.12023337060815655
15043,0.22225,0.079125,0.6986249999999998
15044,0.6032896185355863,0.16997568426197454,0.22673469720243908
15045,0.9450875312514606,0.011436036688617417,0.043476432059921744
15046,0.04081284074937524,0.009541666666666665,0.949645492583958
15047,0.028830609665190604,0.01033408620365142,0.9608353041311579
15048,0.43942631673881677,0.05410137085137086,0.5064723124098125
15049,0.8352315041131252,0.02415527556791979,0.1406132203189549
15050,0.558519483010007,0.024264736646769897,0.41721578034322326
15051,0.8766337952416201,0.03132221553790029,0.0920439892204799
15052,0.7119464285714284,0.004166666666666667,0.2838869047619047
15053,0.8869204109157646,0.023166733021144914,0.08991285606309081
15054,0.8952097831051179,0.008089658000028265,0.09670055889485388
15055,0.6792642648986189,0.0181242870628178,0.302611448038563
15056,0.9084173488602643,0.02281304089037353,0.06876961024936207
15057,0.6928596920907504,0.024408730158730158,0.28273157775051944
15058,0.699674539170507,0.055560099846390154,0.24476536098310286
15059,0.7677987580628738,0.039220220264171914,0.19298102167295425
15060,0.14683333333333332,0.04416666666666666,0.809
15061,0.5134972775932077,0.014490079365079367,0.47201264304171286
15062,0.9060523653013002,0.021818292372811042,0.07212934232588909
15063,0.9340722040391601,0.0010580272668777712,0.06486976869396216
15064,0.45966213302380454,0.007129259702286018,0.5332086072739094
15065,0.9199624589127048,0.008434145045845793,0.07160339604144948
15066,0.8697160518052782,0.01489808483305952,0.11538586336166212
15067,0.042145562770562764,0.011710678210678211,0.946143759018759
15068,0.9167786893861376,0.0014273482721303913,0.08179396234173206
15069,0.8979420611503369,0.0284545765741511,0.07360336227551159
15070,0.886079204446416,0.024317402125128677,0.08960339342845523
15071,0.8694683759580633,0.01783374037548486,0.11269788366645211
15072,0.832789807764785,0.040182892091950834,0.1270273001432647
15073,0.824917567712547,0.06912576908177001,0.10595666320568296
15074,0.9253856485486626,0.006509753311440885,0.06810459813989633
15075,0.2670800351498087,0.036732589943958276,0.6961873749062331
15076,0.008,0.0025,0.9895
15077,0.935370516141396,0.024925190992406764,0.03970429286619723
15078,0.8916409944682083,0.02733639052351661,0.0810226150082752
15079,0.607257289710638,0.07755108384875505,0.315191626440607
15080,0.9054385380014897,0.007023460884004729,0.08753800111450558
15081,0.9039314667711196,0.02673235394606602,0.06933617928281426
15082,0.7355341057599719,0.025950575872448405,0.23851531836757967
15083,0.9168361562070884,0.030139933254483827,0.053023910538427976
15084,0.8776793199467602,0.039796563119280946,0.08252411693395874
15085,0.9543971667832281,0.003256177118387348,0.04234665609838445
15086,0.5418935961881951,0.004424465240641711,0.4536819385711633
15087,0.8946120593134126,0.009804872772694005,0.09558306791389322
15088,0.7988393447425693,0.0033391057322352015,0.1978215495251955
15089,0.916444102892706,0.0096828884639576,0.07387300864333655
15090,0.8162626597275738,0.020747566226076847,0.16298977404634954
15091,0.8686381103736974,0.020136994562241304,0.11122489506406129
15092,0.9638963620621699,0.004302318130261305,0.03180131980756883
15093,0.9405037762454889,0.01266853463496084,0.0468276891195504
15094,0.8758775166325,0.027187240025377077,0.09693524334212279
15095,0.847409403658167,0.035120390297692164,0.11747020604414096
15096,0.9128723820504816,0.018974702124910287,0.06815291582460825
15097,0.14928896103896105,0.11234126984126983,0.7383697691197689
15098,0.05218601250529879,0.013738095238095237,0.9340758922566059
15099,0.27150160256410255,0.18406715506715507,0.5444312423687426
15100,0.9408737612299299,0.001726073197439576,0.05740016557263042
15101,0.7254460951883366,0.00125,0.27330390481166345
15102,0.9259734283070843,0.009171211928125398,0.06485535976479018
15103,0.7973977238694222,0.007797619047619048,0.194804657082959
15104,0.5594692419500696,0.02700342016689032,0.4135273378830399
15105,0.8847186441563575,0.05567489267689758,0.059606463166745206
15106,0.6489572251829122,0.010922779770660852,0.3401199950464269
15107,0.9388749768942648,0.00039617764836840096,0.060728845457366905
15108,0.38871272396398804,0.0086036612385067,0.6026836147975052
15109,0.9140181634965377,0.02025762865591816,0.0657242078475441
15110,0.7933122115716722,0.018936224489795917,0.18775156393853173
15111,0.9647851678414701,0.004406670717100733,0.030808161441429217
15112,0.9437047789684793,0.00837076020270825,0.04792446082881252
15113,0.8454723668123569,0.061298090853737455,0.09322954233390551
15114,0.7815081495517202,0.009510773160699381,0.20898107728758034
15115,0.7503158406410135,0.022697487814506753,0.22698667154447974
15116,0.7081633146926386,0.01918072720750214,0.27265595809985915
15117,0.9606527777777777,0.005,0.034347222222222216
15118,0.018071428571428575,0.009940476190476189,0.9719880952380952
15119,0.865521406355093,0.03479525561989264,0.09968333802501421
15120,0.9452822569767392,0.0009126773582871639,0.05380506566497385
15121,0.9224391086073852,0.006610370310207624,0.07095052108240715
15122,0.9353263691855424,0.005792641325536063,0.058880989488921474
15123,0.8418715728715729,0.021,0.1371284271284271
15124,0.9094571704638436,0.005145536781870758,0.08539729275428581
15125,0.4510354853479852,0.19912225274725276,0.34984226190476186
15126,0.20372070984570986,0.013916666666666666,0.7823626234876234
15127,0.8921997698854476,0.018650040806046816,0.08915018930850546
15128,0.677154063553884,0.018594155842585485,0.30425178060353064
15129,0.6499057829687322,0.06007280733974972,0.2900214096915178
15130,0.5057440358660382,0.005349850809889173,0.4889061133240725
15131,0.9438495380425348,0.007286618949136418,0.04886384300832861
15132,0.020375,0.020541666666666666,0.9590833333333333
15133,0.9100969303786028,0.010867492781393002,0.07903557684000388
15134,0.06621668636536591,0.016166666666666666,0.9176166469679674
15135,0.3666492166441346,0.009880952380952381,0.623469830974913
15136,0.6891608145580753,0.03461953104345363,0.27621965439847096
15137,0.8939218039451123,0.0006952538069818092,0.10538294224790581
15138,0.9418818097213004,0.0014944494618009973,0.056623740816898555
15139,0.051059633338315175,0.024083333333333335,0.9248570333283513
15140,0.8593629059125315,0.0383455055659087,0.10229158852155987
15141,0.42572650821459257,0.043549512030495556,0.5307239797549119
15142,0.3671770833333333,0.055319940476190495,0.5775029761904764
15143,0.8970681510931579,0.01501423253190599,0.0879176163749365
15144,0.8669112280801676,0.019238553515038625,0.11385021840479417
15145,0.7916480134888328,0.11216630073584112,0.09618568577532609
15146,0.8569314566614153,0.029286111236022837,0.11378243210256167
15147,0.9154116699938285,0.011697560690433895,0.07289076931573771
15148,0.9503352314267016,0.01021192737962591,0.03945284119367263
15149,0.884747374547431,0.012256632241232685,0.10299599321133622
15150,0.12466096336448476,0.01486695315133131,0.8604720834841842
15151,0.20075901102885424,0.03797222222222222,0.7612687667489236
15152,0.830968298640868,0.031182688062384032,0.13784901329674779
15153,0.9500699156515988,0.004498754606939738,0.04543132974146116
15154,0.9562859318269468,0.004224360499424793,0.039489707673628624
15155,0.7444762016322088,0.025285422570910928,0.23023837579687995
15156,0.5137477023346332,0.0194489516242565,0.4668033460411102
15157,0.6684788279488747,0.007316535811355069,0.3242046362397703
15158,0.8742303749780738,0.005781177933992855,0.11998844708793309
15159,0.3092142857142858,0.01636904761904762,0.6744166666666667
15160,0.9005646571419716,0.010175809360080577,0.08925953349794742
15161,0.0862291880934446,0.007839285714285715,0.9059315261922695
15162,0.4947278025008868,0.007996022616234656,0.49727617488287845
15163,0.8815366429224082,0.006761285080017668,0.11170207199757407
15164,0.9580379674181398,0.01703009161137491,0.02493194097048518
15165,0.1907449500894623,0.03791927990708479,0.7713357700034532
15166,0.034666666666666665,0.00125,0.9640833333333333
15167,0.8958987614156193,0.01624347770344882,0.0878577608809321
15168,0.9081916035115606,0.0014644633210607618,0.09034393316737853
15169,0.9174267366766545,0.021552761965786763,0.06102050135755849
15170,0.8531553011243866,0.014753379910180532,0.1320913189654326
15171,0.8934991251729122,0.021196977317036306,0.0853038975100518
15172,0.9066849578413635,0.010986977966101073,0.08232806419253569
15173,0.7969963200925599,0.019793421056423243,0.1832102588510169
15174,0.769212361189767,0.07000603215247604,0.16078160665775723
15175,0.38520965045592703,0.031224670719351574,0.5835656788247213
15176,0.5959801966132589,0.025997776551310095,0.378022026835431
15177,0.8169010000491425,0.002080513784461153,0.18101848616639635
15178,0.14668349652818757,0.036294640265163484,0.8170218632066488
15179,0.7772337968468374,0.022919200119292254,0.19984700303387004
15180,0.9037718643199328,0.010056411474262845,0.08617172420580435
15181,0.40594374144374146,0.06181654456654456,0.532239713989714
15182,0.8018022297635109,0.032153780739948214,0.16604398949654114
15183,0.6802223307864724,0.014514240045625888,0.3052634291679017
15184,0.8467436246105174,0.017014790764790767,0.1362415846246915
15185,0.36940389082462255,0.08387308626333015,0.5467230229120474
15186,0.8411055660888945,0.040973892481057365,0.11792054143004822
15187,0.7540624064091045,0.005166666666666666,0.2407709269242288
15188,0.976807297784411,0.0020848134613743147,0.021107888754214654
15189,0.6534242847990237,0.004214285714285714,0.34236142948669046
15190,0.9022517204735239,0.010552349143794245,0.0871959303826816
15191,0.9324948008895017,0.0037771386119213306,0.06372806049857671
15192,0.9102886704516903,0.013448892306500641,0.07626243724180909
15193,0.3027415443084047,0.08362405649905652,0.6136343991925387
15194,0.5178373015873017,0.1811547619047619,0.3010079365079365
15195,0.6422213834662699,0.06294974870442999,0.29482886782930035
15196,0.9087697952779457,0.018782523875095408,0.07244768084695909
15197,0.9123051654109918,0.012736974020046398,0.07495786056896177
15198,0.9015124533337716,0.05826902455677681,0.04021852210945172
15199,0.25423302063433656,0.041925907425907426,0.7038410719397562
15200,0.7247744122197333,0.06856089261489554,0.20666469516537134
15201,0.023,0.0025,0.9744999999999999
15202,0.9212989239442575,0.011774891774891773,0.06692618428085081
15203,0.3954026390276391,0.007967948717948719,0.5966294122544124
15204,0.9451748664893229,0.0025187348946222998,0.052306398616054656
15205,0.4927620388330003,0.02546832435856826,0.4817696368084314
15206,0.8878302165655019,0.04120116777064197,0.07096861566385608
15207,0.033666666666666664,0.053,0.9133333333333334
15208,0.048033647497572655,0.0195573716900948,0.9324089808123324
15209,0.29698076923076927,0.054741452991452985,0.6482777777777778
15210,0.8693198760619731,0.0361002910709695,0.09457983286705707
15211,0.9164562701471207,0.01724695616645315,0.06629677368642618
15212,0.8468478409495949,0.027214155826929938,0.1259380032234752
15213,0.9055324060181736,0.011745006979359722,0.08272258700246643
15214,0.7456184549037946,0.015737041759657178,0.23864450333654805
15215,0.7528872350194518,0.028221497387401588,0.21889126759314656
15216,0.2588498445998446,0.02813095238095238,0.7130192030192031
15217,0.1742159397206567,0.02524820305480683,0.8005358572245368
15218,0.9299274414724992,0.0006880464416646908,0.06938451208583642
15219,0.6168559985233888,0.006823529411764706,0.3763204720648465
15220,0.7361556611831205,0.038681169660644915,0.2251631691562346
15221,0.7164803354822962,0.037683965347611544,0.24583569917009207
15222,0.8133649512068689,0.03437910004153841,0.15225594875159287
15223,0.051387884062316466,0.003666666666666667,0.9449454492710169
15224,0.06430186981302911,0.014667419536984755,0.9210307106499862
15225,0.8561445563992062,0.014558375995464438,0.12929706760532939
15226,0.955969879999528,0.00043407071290430714,0.043596049287567606
15227,0.2587239010989011,0.03166666666666666,0.7096094322344322
15228,0.842779781472264,0.03579613690146903,0.12142408162626683
15229,0.6970733346388953,0.0730967335209946,0.22982993184011008
15230,0.9193940609609872,0.005885307629689298,0.07472063140932356
15231,0.9174113559868731,0.00760446767856259,0.0749841763345643
15232,0.9651546859323852,0.0022425572889877513,0.03260275677862689
15233,0.9202939484974507,0.017901923285557834,0.06180412821699134
15234,0.9116898514527223,0.004850946271445917,0.08345920227583176
15235,0.9477708549046653,0.0004608246254162245,0.05176832046991857
15236,0.9086745061309953,0.01878813300753654,0.07253736086146827
15237,0.35136451932923707,0.059131032386072695,0.5895044482846903
15238,0.8824528119219853,0.02931801991024848,0.08822916816776624
15239,0.29059844322344325,0.10550335775335777,0.6038981990231991
15240,0.8285044805418306,0.03771885049255321,0.13377666896561627
15241,0.7490642140175422,0.05932442414891396,0.19161136183354396
15242,0.684125049378726,0.017629785247432302,0.2982451653738418
15243,0.8718677286706948,0.052736250954247096,0.0753960203750582
15244,0.2710714285714285,0.056503968253968244,0.6724246031746033
15245,0.8730255062310587,0.06811190027249003,0.05886259349645138
15246,0.6857279674546235,0.09535121484722804,0.21892081769814847
15247,0.36875810755336613,0.0411665982484948,0.5900752941981389
15248,0.8586598725452693,0.051165072534681846,0.09017505492004896
15249,0.5434025823010402,0.02044384381946987,0.4361535738794901
15250,0.577219887298799,0.07096331808688737,0.3518167946143131
15251,0.763089749331758,0.018217153245024813,0.21869309742321733
15252,0.8991475715231237,0.0033144124771522588,0.09753801599972435
15253,0.6213625035694266,0.06853105489503411,0.3101064415355391
15254,0.07079329960387062,0.0016666666666666666,0.9275400337294626
15255,0.7854022039753643,0.07965695062651569,0.13494084539812
15256,0.842869585742272,0.02979587094107818,0.1273345433166495
15257,0.4054742571928308,0.0978000139208425,0.49672572888632677
15258,0.03218055555555555,0.0075,0.9603194444444445
15259,0.8704432949293229,0.029500625922780032,0.10005607914789744
15260,0.7860455182072831,0.011166666666666667,0.20278781512605046
15261,0.7524916566369054,0.11103536868483603,0.13647297467825859
15262,0.1596224025974026,0.01619047619047619,0.8241871212121211
15263,0.060261904761904767,0.00930952380952381,0.9304285714285712
15264,0.4867734115867829,0.18973513247981338,0.32349145593340384
15265,0.9692246542838354,0.00083757060141967,0.029937775114744925
15266,0.15679144943727244,0.027230345911949685,0.8159782046507777
15267,0.22560815601497505,0.018097550388264334,0.7562942935967605
15268,0.9133747880395029,0.03626833309163847,0.050356878868859006
15269,0.9309609919288485,0.0055713612740154695,0.06346764679713589
15270,0.9449585800878458,0.0076023439559460525,0.047439075956207916
15271,0.40744298245614025,0.06294642857142857,0.5296105889724311
15272,0.9510096908654238,0.009206565516090276,0.03978374361848594
15273,0.9079962589031253,0.025265853776235806,0.06673788732063864
15274,0.913645100538703,0.009774784182678919,0.076580115278618
15275,0.8292451942816251,0.021845524745659057,0.14890928097271586
15276,0.8599793172626079,0.019957059756250645,0.12006362298114164
15277,0.8746777630053714,0.023661704528943336,0.10166053246568554
15278,0.6760621833939292,0.04038290204419236,0.2835549145618784
15279,0.4515538503819753,0.10843192815067816,0.4400142214673464
15280,0.8233853216835039,0.01852965686216906,0.15808502145432698
15281,0.050320202915800485,0.026281055900621117,0.9233987411835785
15282,0.9495401450145512,0.008150568239390301,0.042309286746058584
15283,0.7202158890392313,0.013799031476997578,0.2659850794837709
15284,0.6472012975847354,0.03538281480787201,0.3174158876073921
15285,0.4167939798692609,0.005685776942355889,0.5775202431883831
15286,0.4280327380952382,0.09345535714285717,0.47851190476190475
15287,0.8759460361725874,0.03245569988577639,0.09159826394163641
15288,0.5962491908877992,0.058050000000000004,0.3457008091122009
15289,0.9291233621599875,0.004378535534740585,0.06649810230527187
15290,0.7327617337164749,0.018672413793103443,0.24856585249042143
15291,0.9127148974049969,0.015705719621423656,0.07157938297357963
15292,0.7360463962064299,0.05012895826265403,0.21382464553091604
15293,0.605436293436293,0.01633333333333333,0.3782303732303733
15294,0.9149933115702248,0.0012250555675570706,0.08378163286221817
15295,0.7858567330552798,0.031133988822861156,0.18300927812185885
15296,0.4306870816840839,0.016873973616906717,0.5524389446990092
15297,0.9052369605867512,0.015510538641686182,0.0792525007715629
15298,0.7080532106782108,0.0110625,0.2808842893217893
15299,0.9320013173713797,0.004978954177385445,0.0630197284512349
15300,0.701752940880785,0.06977875174160167,0.22846830737761312
15301,0.9352952596168614,0.023945412064548,0.040759328318590436
15302,0.6841603535353535,0.010833333333333332,0.3050063131313131
15303,0.7077910191711887,0.10786004116601697,0.1843489396627945
15304,0.5275055910273304,0.029506944444444443,0.4429874645282254
15305,0.8832883212868762,0.012237212584274886,0.10447446612884875
15306,0.2117902606503222,0.05661975811544778,0.7315899812342301
15307,0.04711706349206349,0.014499999999999999,0.9383829365079365
15308,0.8103787035277376,0.04164987322406526,0.1479714232481969
15309,0.15841666666666665,0.08483333333333333,0.7567499999999997
15310,0.9265610505387281,0.029394237620376216,0.04404471184089553
15311,0.6255783686401207,0.013906655844155845,0.36051497551572326
15312,0.8948310861113713,0.01192647264093186,0.09324244124769676
15313,0.9400434542844839,0.003624110439952328,0.05633243527556371
15314,0.26778672378867396,0.040540688689268814,0.691672587522057
15315,0.7707763935535366,0.05431682555940411,0.17490678088705927
15316,0.9008873423661157,0.012726933040135825,0.08638572459374866
15317,0.43526049839164854,0.006823529411764706,0.5579159721965867
15318,0.3557718253968254,0.005166666666666666,0.639061507936508
15319,0.9030251198203808,0.03183934873188371,0.06513553144773551
15320,0.8382841613635452,0.06707355339482271,0.09464228524163232
15321,0.9436998279985039,0.010584524664736368,0.045715647336759445
15322,0.68170183982684,0.050555555555555555,0.2677426046176046
15323,0.7511827270746035,0.008324561403508771,0.24049271152188773
15324,0.6841447970216455,0.022577821860909456,0.2932773811174453
15325,0.5064301046176045,0.021908730158730155,0.4716611652236654
15326,0.8933105003036368,0.017228181275213368,0.08946131842115002
15327,0.6509165280857354,0.0164551393728223,0.33262833254144225
15328,0.9014043125629856,0.03209298221676619,0.06650270522024833
15329,0.24861490683229817,0.04616097308488612,0.7052241200828159
15330,0.34925658584710306,0.05290916865701347,0.5978342454958834
15331,0.8538996742464776,0.03084659087571363,0.11525373487780864
15332,0.041077144016588754,0.010970238095238094,0.9479526178881731
15333,0.7165600250608932,0.012521594684385382,0.27091838025472126
15334,0.805924273034023,0.003941354640249025,0.19013437232572772
15335,0.9487767823189561,0.003671258833626982,0.04755195884741683
15336,0.27748177841684707,0.03373810850984764,0.6887801130733052
15337,0.16328356958082565,0.055437354819976775,0.7812790755991977
15338,0.9205797580399221,0.017404867256637167,0.06201537470344085
15339,0.3310885008015465,0.09623007270363897,0.5726814264948145
15340,0.8867508691859699,0.0038634770714231713,0.10938565374260657
15341,0.13757749376227635,0.017365079365079365,0.8450574268726443
15342,0.28460435397935396,0.02152380952380952,0.6938718364968365
15343,0.913056614738601,0.009699471009539658,0.07724391425185947
15344,0.9034159346918931,0.012303117126975675,0.08428094818113122
15345,0.4590597483634224,0.04588396452391701,0.49505628711266053
15346,0.49555822981366476,0.04354761904761904,0.46089415113871623
15347,0.9702829446488903,0.0008379427272846929,0.028879112623825177
15348,0.7785212658647802,0.009969796084913059,0.21150893805030677
15349,0.18270238095238092,0.03405952380952381,0.7832380952380953
15350,0.9055797997313535,0.0047563331717207025,0.08966386709692598
15351,0.8105915163704184,0.010121031752073963,0.17928745187750775
15352,0.8741499633378039,0.013849716253881948,0.11200032040831413
15353,0.5176023922228984,0.027190152452413855,0.45520745532468765
15354,0.8565082651356675,0.02228634911928061,0.12120538574505219
15355,0.8120560685097067,0.039994585150975065,0.14794934633931803
15356,0.6239166332502424,0.0764760245452955,0.299607342204462
15357,0.1003176919065187,0.01461674328291867,0.8850655648105628
15358,0.9532952655181979,0.004276032192000633,0.04242870228980168
15359,0.01529761904761905,0.014214285714285714,0.9704880952380952
15360,0.8234550608712978,0.05561904373199104,0.12092589539671142
15361,0.8893400868303811,0.020891077170418004,0.08976883599920069
15362,0.9245238844372423,0.008321414590757737,0.06715470097200031
15363,0.6206412713668659,0.011182308970099667,0.3681764196630345
15364,0.28492149758454105,0.018109890109890107,0.6969686123055687
15365,0.951673782168835,0.0011475169181362297,0.04717870091302871
15366,0.83102732060036,0.049179343991772796,0.11979333540786713
15367,0.9004127580009765,0.004233623533486558,0.09535361846553674
15368,0.8638214355242643,0.0340712392730944,0.10210732520264129
15369,0.7538554306309243,0.04470308545421954,0.2014414839148564
15370,0.7329631892230576,0.030777777777777775,0.2362590329991645
15371,0.36989285714285713,0.15341468253968255,0.47669246031746043
15372,0.8818857014795037,0.03744615601581073,0.08066814250468538
15373,0.9130763322686137,0.02419059476301983,0.06273307296836657
15374,0.9125865225605364,0.005260986685576322,0.0821524907538872
15375,0.7934907123223748,0.02099864675971081,0.18551064091791447
15376,0.23683593011310403,0.014875776397515526,0.7482882934893805
15377,0.12405671371112545,0.052138888888888874,0.8238043973999855
15378,0.22076788598540564,0.17297159730033745,0.6062605167142567
15379,0.8910702714619164,0.008568053903799047,0.10036167463428464
15380,0.9047412084462774,0.02770854106799322,0.06755025048572975
15381,0.6855108904054265,0.015244427463874362,0.29924468213069927
15382,0.5073373015873017,0.02775,0.4649126984126983
15383,0.046840715198910414,0.005107142857142857,0.9480521419439466
15384,0.41100595238095233,0.0793154761904762,0.5096785714285715
15385,0.5444027137736814,0.11382002048131079,0.3417772657450076
15386,0.509818612687532,0.0542854866679052,0.4358959006445625
15387,0.8980480295776112,0.017791580998463154,0.08416038942392572
15388,0.06054487179487181,0.022000000000000002,0.917455128205128
15389,0.7914017628010268,0.022402597402597403,0.18619563979637554
15390,0.890846120847812,0.047774540939043604,0.06137933821314443
15391,0.957475399844188,0.006573382126348227,0.035951218029463654
15392,0.46799032607918506,0.0225355911032697,0.5094740828175452
15393,0.9238063498622973,0.004092959724495968,0.0721006904132068
15394,0.9058785420056792,0.02682352597572113,0.06729793201859942
15395,0.8674507943467353,0.03392118218647068,0.09862802346679388
15396,0.8442674338657521,0.009411517925247902,0.14632104820899997
15397,0.3078487421082662,0.03210928408292756,0.6600419738088064
15398,0.6015408041401273,0.24316714229370973,0.15529205356616285
15399,0.9061245541155177,0.008748223928392106,0.08512722195609036
15400,0.273522135647228,0.04727169179867917,0.6792061725540929
15401,0.4078008971704623,0.14082487922705314,0.4513742236024846
15402,0.5545743143029385,0.09276463825788557,0.35266104743917587
15403,0.9133399770086567,0.010903559281900354,0.07575646370944321
15404,0.9476257475995885,0.0077711154473413925,0.044603136953070305
15405,0.925198835180912,0.00369776063428882,0.0711034041847995
15406,0.653069745355496,0.010477862346421061,0.33645239229808305
15407,0.3365233516483517,0.08092857142857142,0.582548076923077
15408,0.7823769419118054,0.06413146806446766,0.15349159002372728
15409,0.4255669895221319,0.11407681429353753,0.4603561961843304
15410,0.8790936522141668,0.03180810069962123,0.0890982470862116
15411,0.5895456429053718,0.0064008014931927985,0.40405355560143547
15412,0.8304956290797003,0.019330361027243878,0.15017400989305588
15413,0.12075623885918003,0.04675,0.83249376114082
15414,0.8709600656498647,0.027859999999999996,0.10117993435013557
15415,0.8987782096244951,0.022886635743759886,0.07833515463174529
15416,0.09791576479076479,0.04602976190476189,0.8560544733044732
15417,0.04113095238095238,0.023642857142857143,0.9352261904761903
15418,0.5321259854228965,0.04457402421426812,0.42329999036283533
15419,0.049938143851845515,0.01859294871794872,0.9314689074302055
15420,0.9214130941012658,0.013073316806654339,0.06551358909207995
15421,0.8578433174112996,0.02174061267322436,0.1204160699154761
15422,0.8320124084058839,0.06157938146188471,0.10640821013223135
15423,0.02025,0.006023809523809523,0.9737261904761904
15424,0.8858483618227304,0.03705771547857491,0.07709392269869451
15425,0.9272289139571456,0.0025207640450196855,0.070250321997835
15426,0.5453592342342344,0.07092830330330328,0.38371246246246243
15427,0.508189484126984,0.027264880952380954,0.46454563492063516
15428,0.5547491723962311,0.08847619047619046,0.3567746371275783
15429,0.9224248513748382,0.0008938552781355388,0.07668129334702618
15430,0.7626855320521062,0.037624281213233114,0.19969018673466074
15431,0.6341636813391633,0.00821842786685959,0.357617890793977
15432,0.2633595287828074,0.04033205398648385,0.6963084172307086
15433,0.038821259723862404,0.011166666666666665,0.9500120736094709
15434,0.6706693948412701,0.049310267857142855,0.2800203373015873
15435,0.08240964388933256,0.010249999999999999,0.9073403561106673
15436,0.06898809523809525,0.02708333333333333,0.9039285714285715
15437,0.783104573915086,0.041773148116463175,0.1751222779684508
15438,0.19551388888888888,0.028666666666666667,0.7758194444444443
15439,0.007880952380952379,0.0,0.9921190476190476
15440,0.3984394841269841,0.05648412698412699,0.545076388888889
15441,0.35979563492063477,0.023642857142857143,0.616561507936508
15442,0.9601751519522349,0.0004474743073556138,0.03937737374040923
15443,0.9176453198132974,0.01623222657018801,0.06612245361651481
15444,0.46466500507993985,0.09636954747290062,0.43896544744715954
15445,0.018383304927025848,0.0016666666666666666,0.9799500284063075
15446,0.9655313508800245,0.005275122532396129,0.029193526587579267
15447,0.8431422375185075,0.014502955771493247,0.14235480670999975
15448,0.5099352760334903,0.21970756293970578,0.2703571610268039
15449,0.9161196782618416,0.007224726300353803,0.07665559543780462
15450,0.44839936204508596,0.035464495879937045,0.516136142074977
15451,0.6740328912541453,0.007008784461430523,0.3189583242844242
15452,0.03719444444444445,0.02120238095238095,0.9416031746031748
15453,0.7468450120085395,0.07459190671391015,0.17856308127755047
15454,0.21175010959646307,0.015663328578502823,0.7725865618250342
15455,0.6707284914397907,0.09049099511823007,0.23878051344197943
15456,0.9719754856624614,0.007441527120633831,0.020582987216904484
15457,0.11513095238095238,0.04531150793650794,0.8395575396825394
15458,0.26782280219780225,0.07058333333333332,0.6615938644688645
15459,0.8954554554080549,0.006645455048254146,0.09789908954369098
15460,0.9487825864064224,0.006808149487036901,0.04440926410654085
15461,0.032302018689829314,0.012916666666666665,0.9547813146435041
15462,0.9141520016937865,0.019669282586367964,0.06617871571984552
15463,0.9111128939534764,0.01024060960666738,0.07864649643985631
15464,0.1452431457431457,0.24057738095238093,0.6141794733044733
15465,0.06643448212804659,0.017531055900621116,0.9160344619713322
15466,0.8476027318191849,0.06145580699878533,0.09094146118202948
15467,0.417736445800636,0.025086206896551725,0.5571773473028121
15468,0.9264803031111754,0.008909425381368012,0.06461027150745627
15469,0.9530060588104905,0.001544115605282198,0.04544982558422733
15470,0.5858785077641994,0.04771599013183539,0.3664055021039653
15471,0.6177091332580461,0.0,0.38229086674195367
15472,0.8827308891298454,0.014233870967741934,0.10303523990241256
15473,0.8378428630627636,0.045046104594797194,0.11711103234243984
15474,0.9502023528682746,0.008840135160049584,0.04095751197167608
15475,0.6566088701568228,0.05946015963203463,0.28393097021114255
15476,0.8268256588512025,0.005120693323691219,0.16805364782510615
15477,0.5383727122450793,0.006961595537771291,0.4546656922171494
15478,0.8081112219713437,0.030936946456274497,0.16095183157238185
15479,0.1824085510825938,0.16575978068866004,0.6518316682287462
15480,0.23946081910489453,0.053855633883935765,0.7066835470111699
15481,0.1429940476190476,0.05046825396825395,0.8065376984126984
15482,0.7796700822900465,0.08218631454076121,0.1381436031691925
15483,0.6468859086087839,0.00934577804817844,0.34376831334303753
15484,0.2481088217338218,0.02,0.7318911782661782
15485,0.48894600879104955,0.16014889407017574,0.3509050971387744
15486,0.7870725511000096,0.022909151337717395,0.19001829756227312
15487,0.7710772004312965,0.012291666666666668,0.21663113290203675
15488,0.893737215257524,0.016411622778675167,0.08985116196380005
15489,0.7162324907013489,0.0639216291610688,0.21984588013758277
15490,0.9760870986386172,0.0013896058706843505,0.0225232954906986
15491,0.8330407183158384,0.02090457695638649,0.14605470472777538
15492,0.8745947511735293,0.06318718782413467,0.062218061002336095
15493,0.02094047619047619,0.018285714285714284,0.9607738095238093
15494,0.8268325334369231,0.046784633342891,0.12638283322018584
15495,0.3227974842061316,0.02441712140258652,0.6527853943912819
15496,0.8044191925060242,0.03393785310734463,0.1616429543866313
15497,0.8546922139713642,0.02059693097422455,0.12471085505441128
15498,0.7937268622190855,0.01690334135974317,0.1893697964211713
15499,0.9003474291549982,0.028389119889106265,0.0712634509558958
15500,0.8992587405968551,0.011420903025008951,0.08932035637813567
15501,0.5491044435215947,0.028791666666666663,0.4221038898117388
15502,0.06310714285714286,0.013166666666666667,0.9237261904761902
15503,0.652748101671519,0.04032448125680498,0.30692741707167587
15504,0.9116789192598893,0.024832510037321363,0.06348857070278938
15505,0.9313849988326629,0.0037859356181644353,0.06482906554917274
15506,0.30219047619047623,0.1774623015873016,0.5203472222222222
15507,0.8961009681352208,0.006355776736924278,0.09754325512785522
15508,0.8398541328785548,0.014071003129179437,0.14607486399226574
15509,0.706790977893828,0.02826712469546554,0.26494189741070634
15510,0.8582411328833257,0.037094424884822966,0.10466444223185149
15511,0.9349457793611974,0.0035196272906673183,0.061534593348134964
15512,0.9414323581278726,0.0027927485251073164,0.0557748933470199
15513,0.02778479118920296,0.01808333333333333,0.9541318754774639
15514,0.35278968253968235,0.02149107142857143,0.6257192460317459
15515,0.2540478264568286,0.008946428571428572,0.7370057449717428
15516,0.9053347750474643,0.0017601644412035206,0.09290506051133236
15517,0.025762418718686706,0.0016666666666666666,0.9725709146146467
15518,0.5198758236087957,0.051185628097392806,0.42893854829381156
15519,0.6441580757075775,0.010957453017812879,0.34488447127460964
15520,0.8938641169812951,0.005732520424033528,0.10040336259467139
15521,0.9290129512474872,0.024917975602921767,0.04606907314959134
15522,0.6748959894934328,0.008482437159022313,0.316621573347545
15523,0.8718156593859464,0.005227505516992505,0.12295683509706123
15524,0.730828742766835,0.04904075929210795,0.2201304979410571
15525,0.2746959735756906,0.016605345911949686,0.70869868051236
15526,0.24540283369316915,0.01721068738229755,0.7373864789245335
15527,0.8481908449420509,0.025456349206349205,0.12635280585160047
15528,0.8827730403192631,0.04701733241323348,0.07020962726750389
15529,0.9052986617722655,0.00732473190152042,0.08737660632621398
15530,0.04991666666666667,0.022583333333333334,0.9275
15531,0.7111762218045113,0.03844757727652465,0.25037620091896406
15532,0.7134207023986309,0.04011096531994043,0.2464683322814287
15533,0.8984758860893046,0.014507732321521645,0.08701638158917384
15534,0.2975535714285715,0.02920833333333334,0.6732380952380953
15535,0.9384237501910689,0.004316395268229473,0.057259854540701524
15536,0.926374342267072,0.00464366783755296,0.06898198989537525
15537,0.6121950045568466,0.02951298701298702,0.35829200843016623
15538,0.9414724971715169,0.0025884955752212392,0.05593900725326182
15539,0.077625,0.026698412698412697,0.8956765873015874
15540,0.8924524077542135,0.03485966799754403,0.07268792424824283
15541,0.41549585229868957,0.03833132547680246,0.5461728222245078
15542,0.7909782079879188,0.0324829000822296,0.1765388919298517
15543,0.35481213639301873,0.029761904761904767,0.6154259588450763
15544,0.748590621811094,0.054764431684215145,0.19664494650469055
15545,0.6227600065043635,0.010858076563958916,0.36638191693167754
15546,0.6914923542854565,0.0026169344733302665,0.3058907112412132
15547,0.9337591932461712,0.009157936099798276,0.05708287065403069
15548,0.8591346446753679,0.03419514773417777,0.10667020759045429
15549,0.04517857142857142,0.008444444444444444,0.9463769841269841
15550,0.9304469385978728,0.003561890175190316,0.06599117122693675
15551,0.1929626623376624,0.07563474025974025,0.7314025974025975
15552,0.8744619487665446,0.0713504332898808,0.05418761794357459
15553,0.4438510842747471,0.007314136524174886,0.5488347792010778
15554,0.9038191037004517,0.014138227624316397,0.08204266867523198
15555,0.9627666399539607,0.004423941532061569,0.03280941851397763
15556,0.8853279955301534,0.055218252106055916,0.05945375236379067
15557,0.040827380952380955,0.04541504329004329,0.9137575757575758
15558,0.045963706279767085,0.008781055900621117,0.9452552378196117
15559,0.4648147546897546,0.10699404761904764,0.42819119769119773
15560,0.7746580221942264,0.0014065101249087727,0.22393546768086442
15561,0.9593994874859498,0.0013530519928765083,0.039247460521173665
15562,0.35884546095992603,0.008965591812345002,0.632188947227729
15563,0.9139104922556478,0.014811479786696528,0.0712780279576555
15564,0.3534439969112658,0.02387742330133635,0.6226785797873978
15565,0.34064787581699335,0.018976190476190476,0.640375933706816
15566,0.10946297418071613,0.04584645763274795,0.844690568186536
15567,0.9169709784030431,0.012209122327850366,0.07081989926910631
15568,0.7332330254694898,0.014210440575048404,0.25255653395546185
15569,0.9601152029856838,0.010441399703591758,0.029443397310724748
15570,0.9103781125542761,0.026310051266767984,0.06331183617895587
15571,0.233828373015873,0.058940476190476196,0.7072311507936508
15572,0.6089761904761904,0.0755079365079365,0.315515873015873
15573,0.026011904761904764,0.03474999999999999,0.9392380952380954
15574,0.6462743192966685,0.010519865933700275,0.34320581476963136
15575,0.18488492063492065,0.10452380952380952,0.7105912698412697
15576,0.884350831137394,0.01409439514770432,0.10155477371490168
15577,0.4291249325958132,0.008504587155963304,0.5623704802482234
15578,0.10479810285148039,0.03736125527211151,0.8578406418764081
15579,0.2764975356649301,0.007357142857142856,0.7161453214779265
15580,0.5563603597541421,0.10134608255098496,0.34229355769487313
15581,0.9161306535154446,0.005452374936888076,0.0784169715476673
15582,0.9086407412771795,0.008914818721438086,0.08244444000138258
15583,0.48943735365071267,0.03171115229635566,0.47885149405293165
15584,0.9466542113519465,0.014668896343865872,0.03867689230418774
15585,0.9286868120783148,0.009670710297111893,0.06164247762457345
15586,0.8906775129212713,0.016437981991224048,0.0928845050875044
15587,0.7995514027537169,0.0741479309123781,0.1263006663339055
15588,0.6925016444822782,0.006,0.3014983555177217
15589,0.7479319014535029,0.028150793650793645,0.22391730489570325
15590,0.8734332142136393,0.0222177404930637,0.10434904529329722
15591,0.9553479632136899,0.004415850066781112,0.04023618671952888
15592,0.7594986494234797,0.06362786089336742,0.17687348968315292
15593,0.5965567447901111,0.013962765957446808,0.3894804892524422
15594,0.7542311671189572,0.05720794925620087,0.1885608836248423
15595,0.9229089035292953,0.011249898757784243,0.06584119771292034
15596,0.4857797619047618,0.15924801587301587,0.35497222222222224
15597,0.7710589795972369,0.05138906331763474,0.17755195708512822
15598,0.948214557051972,0.009227110033039158,0.04255833291498879
15599,0.8564721805725029,0.07876533577750748,0.06476248364998986
15600,0.08782738095238095,0.060779761904761906,0.8513928571428572
15601,0.9403071919379863,0.011363580333615168,0.048329227728398386
15602,0.27928291709164815,0.04037768473679491,0.6803393981715569
15603,0.21953189865689865,0.0898873626373626,0.6905807387057388
15604,0.20527903681187884,0.024108808737757975,0.770612154450363
15605,0.3806792595764752,0.039028115697753954,0.5802926247257709
15606,0.1264958177127747,0.016099769350913517,0.8574044129363113
15607,0.05939618638553814,0.007833333333333335,0.9327704802811284
15608,0.8595870389454433,0.015151225080173993,0.12526173597438303
15609,0.5053887809098989,0.024540849169530796,0.4700703699205701
15610,0.8855771589521589,0.0,0.11442284104784103
15611,0.7231533384953194,0.02479743287762156,0.2520492286270588
15612,0.8442610027816793,0.013452380952380952,0.14228661626593958
15613,0.8753850320173339,0.006051366365393205,0.11856360161727313
15614,0.22669575879720444,0.03487896825396826,0.7384252729488273
15615,0.8477395089285713,0.038869047619047616,0.11339144345238093
15616,0.6002969929892565,0.0365214391066161,0.3631815679041273
